n_folds = 4
l_rate = 0.01
n_epoch = 500
n_layers = 2
n_hidden = 7
epsilon = 1e-07
Mean Accuracy: 93.054%

ph@lenovo:~/Downloads/mlp_mestrado$ python sensor_network.py 
[{'weights': [0.13436424411240122, 0.8474337369372327, 0.763774618976614, 0.2550690257394217, 0.49543508709194095, 0.4494910647887381, 0.651592972722763, 0.7887233511355132, 0.0938595867742349, 0.02834747652200631, 0.8357651039198697, 0.43276706790505337, 0.762280082457942, 0.0021060533511106927, 0.4453871940548014, 0.7215400323407826, 0.22876222127045265, 0.9452706955539223, 0.9014274576114836, 0.030589983033553536, 0.0254458609934608, 0.5414124727934966, 0.9391491627785106, 0.38120423768821243, 0.21659939713061338]}, {'weights': [0.4221165755827173, 0.029040787574867943, 0.22169166627303505, 0.43788759365057206, 0.49581224138185065, 0.23308445025757263, 0.2308665415409843, 0.2187810373376886, 0.4596034657377336, 0.28978161459048557, 0.021489705265908876, 0.8375779756625729, 0.5564543226524334, 0.6422943629324456, 0.1859062658947177, 0.9925434121760651, 0.8599465287952899, 0.12088995980580641, 0.3326951853601291, 0.7214844075832684, 0.7111917696952796, 0.9364405867994596, 0.4221069999614152, 0.830035693274327, 0.670305566414071]}, {'weights': [0.3033685109329176, 0.5875806061435594, 0.8824790008318577, 0.8461974184283128, 0.5052838205796004, 0.5890022579825517, 0.034525830151341586, 0.24273997354306764, 0.7974042475543028, 0.4143139993007743, 0.17300740157905092, 0.548798761388153, 0.7030407620656315, 0.6744858305023272, 0.3747030205016403, 0.4389616300445631, 0.5084264882499818, 0.7784426150001458, 0.5209384176131452, 0.39325509496422606, 0.4896935204622582, 0.029574963966907064, 0.04348729035652743, 0.703382088603836, 0.9831877173096739]}, {'weights': [0.5931837303800576, 0.393599686377914, 0.17034919685568128, 0.5022385584334831, 0.9820766375385342, 0.7705231398308006, 0.5396174484497788, 0.8602897789205496, 0.23217612806301458, 0.513771663187637, 0.9524673882682695, 0.5777948078012031, 0.45913173191066836, 0.2692794774414212, 0.5479963094662489, 0.9571162814602269, 0.005709129450392925, 0.7836552326153898, 0.8204859119254819, 0.8861795808260082, 0.7405034118331963, 0.8091399008724796, 0.518678283523002, 0.561357864778379, 0.4260906796881502]}, {'weights': [0.05612329752074041, 0.8700101551766398, 0.5699993338763802, 0.19983942017714307, 0.5047204674288633, 0.48492511222773416, 0.3567899645449557, 0.3460779190181549, 0.5384787957378443, 0.6234894527975051, 0.6124524647827256, 0.4581468000997244, 0.027974984083842358, 0.22960503127702392, 0.1772112589385827, 0.5844608707784413, 0.8610088608533248, 0.798438940577426, 0.7970975626354962, 0.8164373705606909, 0.25529404008730594, 0.841744832274096, 0.6731135254387071, 0.08323413780389788, 0.0166906301155596]}, {'weights': [0.014559974924812313, 0.7555867752521982, 0.2495592256534228, 0.10948862729435938, 0.6248020841524763, 0.3444228640964949, 0.06951537853084733, 0.1596255246938475, 0.5273803990480128, 0.16814494622242826, 0.2729144368186801, 0.7115899271852729, 0.4547016300456639, 0.3220017663873259, 0.4737710141702789, 0.023634577631987064, 0.38655710476146987, 0.4209186792090759, 0.18803930475131292, 0.10876169244541334, 0.8998185003560202, 0.5101159809286764, 0.2090909925517701, 0.6056486400340165, 0.8170396683778869]}, {'weights': [0.020818108509287336, 0.017864520827795327, 0.146461740399346, 0.7188354727617898, 0.16022759262970465, 0.7046056278520025, 0.6781757952769475, 0.5447021635789044, 0.22059974802267657, 0.9755945178178834, 0.797810857706151, 0.516599516949393, 0.22319578024667075, 0.6485064180992564, 0.3948980098582996, 0.5758459627880567, 0.32124580934512525, 0.6309478612713469, 0.058785116206491295, 0.29860594962301334, 0.9679033101508892, 0.8755342442351592, 0.30638662033324593, 0.8585144063565593, 0.31036362735313405]}]
[{'weights': [0.9392884321352825, 0.7438421186671211, 0.4161722627650255, 0.25235810227983535, 0.008480262463668842, 0.8787178982088466, 0.03791653059858058, 0.8194141106127972]}, {'weights': [0.962201125180818, 0.5702805702451802, 0.17151709517771863, 0.8677810644349934, 0.9737752361596916, 0.7040231423300713, 0.5088737460778905, 0.37796883434360806]}, {'weights': [0.34693088456262167, 0.2057617572947047, 0.6741530142468641, 0.4329501211003163, 0.1941186449851896, 0.10442422284151531, 0.6659575282786826, 0.29607267308315155]}, {'weights': [0.4997999222368016, 0.3253456548759963, 0.8716215074235552, 0.8996782696347811, 0.018092983640471738, 0.2008530114407594, 0.3277407050962675, 0.9870497179280261]}, {'weights': [0.7827003757293756, 0.3390956478509337, 0.21302979638081376, 0.6744550697237632, 0.8377010701539643, 0.9321874718936273, 0.3438498147908198, 0.8823932024664636]}, {'weights': [0.6871101821536574, 0.48449872261249405, 0.9855082298257978, 0.23464043487103847, 0.7254651862412724, 0.0846802304164842, 0.16969414179438758, 0.9109877835080679]}, {'weights': [0.21296819499142416, 0.7591161827164402, 0.6002088301322496, 0.8411321957058551, 0.3681079994056491, 0.34028523500198804, 0.29121528741113467, 0.8674198235869027]}]
[{'weights': [0.6039825288917112, 0.9543074571721899, 0.8872651047169627, 0.13534597739545295, 0.5511704740692165, 0.1042749980146136, 0.03913779859691058, 0.07319341883234853]}, {'weights': [0.866168357366572, 0.7881164487252263, 0.8285059714691135, 0.3408974641165834, 0.6151860325590366, 0.7819036016327547, 0.3780396288383874, 0.5707815255990233]}, {'weights': [0.2237140727487692, 0.08174326235239371, 0.26672364298173634, 0.8907681278553053, 0.5644468332401974, 0.9250672021084733, 0.4577692590412453, 0.2771827661076983]}, {'weights': [0.7870146635603288, 0.8277681566457297, 0.012381744486666624, 0.670411639023931, 0.09168312261651779, 0.1151024984279273, 0.8850600703796611, 0.04002353689016469]}]
('>>>', 0.00090036814159616396, ' ', 1e-07, ' | epoch: ', 500)
('>>>', 0.00021927155784723373, ' ', 1e-07, ' | epoch: ', 1000)
('>>>', 0.00017194757895677704, ' ', 1e-07, ' | epoch: ', 1500)
('>>>', 3.8320034259020641e-05, ' ', 1e-07, ' | epoch: ', 2000)
('>>>', 2.4536844193914775e-05, ' ', 1e-07, ' | epoch: ', 2500)
('>>>', 1.3446652196408282e-05, ' ', 1e-07, ' | epoch: ', 3000)
('>>>', 1.5420623940234912e-05, ' ', 1e-07, ' | epoch: ', 3500)
('>>>', 2.2927268444328242e-06, ' ', 1e-07, ' | epoch: ', 4000)
('>>>', 1.7616330255654233e-08, ' ', 1e-07)
('converged in epoch >>>>>>>>>>>>>>>>>>>>>>>>>>>>>>>>>>>>>>>>>>>>>>>> ', 4085)
('>>>', 1.0341722943410514e-05, ' ', 1e-07, ' | epoch: ', 500)
('>>>', 8.6623201209223843e-08, ' ', 1e-07)
('converged in epoch >>>>>>>>>>>>>>>>>>>>>>>>>>>>>>>>>>>>>>>>>>>>>>>> ', 880)
('>>>', 2.6012737727454383e-06, ' ', 1e-07, ' | epoch: ', 500)
('>>>', 7.0764696530750681e-06, ' ', 1e-07, ' | epoch: ', 1000)
('>>>', 9.7660999537341198e-08, ' ', 1e-07)
('converged in epoch >>>>>>>>>>>>>>>>>>>>>>>>>>>>>>>>>>>>>>>>>>>>>>>> ', 1360)
('>>>', 7.04721256489238e-08, ' ', 1e-07)
('converged in epoch >>>>>>>>>>>>>>>>>>>>>>>>>>>>>>>>>>>>>>>>>>>>>>>> ', 157)
[{'output': 4.0495706438971331e-05, 'weights': [-0.32446514915363522, -0.14584463162864569, 0.41106695981854546, 0.52805996198798144, 0.34529152657953543, -1.0420483892751511, -0.30157299897333262, 0.31880727865696784, -0.031523626423026939, 0.33519749117356951, -0.11423012810656827, -24.47322403400042, 0.14246176705126939, -0.19954670994906348, 0.044444659145424906, -0.0073680140642572098, -0.5790660010014449, -0.29071269938521049, 0.5787223959795369, 0.370560023801497, 0.60700854699276585, -0.22937156264136702, -0.077424245767829664, -0.10695248591385113, 0.76005267712135915], 'delta': 5.0810915657449902e-06}, {'output': 0.14362844190893997, 'weights': [0.90315991582429334, 0.52077209804311075, 1.3590932638190534, -1.026412671254729, 3.2208735502457868, -2.4068422240936238, -0.43640417225591438, 1.0796942718921827, -4.9217917472631276, 2.8172054129789545, 3.0911840413737499, -2.3352384737978626, -0.48357318137657163, 0.10178716307637671, -3.7368493984099089, 1.2359046010211008, 13.913095873296637, 5.4741394037492581, -0.6449276349521128, -3.6938426652274221, 3.6814198143381534, -2.0276585049899598, 3.0095983562138677, 10.556886840340621, -1.2304850752075485], 'delta': 1.9302984217057147e-05}, {'output': 0.21984188634263835, 'weights': [-3.4656487274061241, 1.3513618477617795, 3.5086802674695816, 8.0669540284104979, 0.14111443053334152, 0.12710227005621128, 0.19630532591499486, 0.96779435945535153, 0.51519756694919838, 2.2201090904071683, 1.8956236228352716, 2.4543966961208539, -1.2392581567757006, -1.9685486440808058, 1.0014019282006779, 1.0891678864520875, 0.97512298363291694, 1.5895201556891558, -4.7835188314091406, 0.931398504871496, 2.7901893411809446, 0.55904577697031477, -1.2823138713190274, 0.25590836611215084, -5.792692530924227], 'delta': 5.0232037313207513e-05}, {'output': 0.99981058034504444, 'weights': [2.867646962312318, 2.0188315959726539, 0.65061708159897125, -1.684684567262132, 4.5592328844860992, -2.7385343466557108, -1.4927759881897074, 2.4725189829486398, 3.3068564745505684, 0.27306116918982914, -1.9185155230944468, 0.52922395823805601, 5.0914705604494355, 4.4690831041823769, 0.50995976949535282, -0.081525029512638278, -1.5976334482794725, -0.066523490829867041, -0.19200136146267888, -3.215347551276821, 5.911128265121472, 2.7550261349189467, 2.6561619886907195, -0.40249073425858156, -5.165751064062249], 'delta': 3.5394813993895176e-05}, {'output': 0.96692337396931038, 'weights': [-1.1491867637204687, 0.1155690946603149, -2.8535963600643832, -2.415066527082455, -1.0476584729160425, 2.2683634238752899, 9.6397878086520397, 0.6661649607169019, 4.8244041862554834, 0.85882659831598984, -0.98051267079370763, -0.84120730117201459, -0.50239799557183207, 0.16351368380892237, -0.31153107338683134, -3.6716580080824377, -0.76787127016274104, -1.7550128565744822, 2.1764779543769435, -17.511699746162446, 0.52389891108408804, -0.69321067436563732, -0.88139149672028649, 1.6813716535928891, 3.5604851928999475], 'delta': -2.3414755720590494e-07}, {'output': 0.86623837956508332, 'weights': [-1.4018780630978087, 0.33212217082227785, -0.46325093911742221, 0.14974729163515774, 0.029302727159542942, 0.16198724970974682, -0.14990317693349761, -0.3559907835211692, 1.9843476941729825, -0.52548963491594236, -0.90267367028323542, 1.1755826248316172, 1.1829855264803688, -1.61132278845368, 1.6518141345013739, -0.1578143677473669, -2.4636012177842805, -4.9629405893773448, 29.136105183228061, 28.270149724775781, -0.54481119729183924, 1.2000630714413485, 0.44283610897573722, -1.5677510334544336, -2.5985490076617452], 'delta': -3.1361940950086194e-06}, {'output': 1.0, 'weights': [0.15566984257100935, 0.13147022687468474, 0.2553533242828549, -0.1099812833594094, 0.24110967179551096, -0.17326020711288198, 0.44456461246217416, 0.026827226802668105, 0.46098978397999685, -0.026601450974846338, -0.037136762246585797, 0.25713246463060513, 0.20336415430849747, 0.44179529500408443, 41.356787551185512, 0.13609267522468521, -0.38032390487755241, -0.64042296658610298, 0.19426981199310095, -0.75776122156861259, 0.51874839480458101, 0.15795329650521306, 0.23439851403057296, 0.16246469726420998, -5.1165675407326923], 'delta': -0.0}]
[{'output': 0.99892544371428316, 'weights': [4.4957395187503888, 9.404275709532472, -9.4036733136338881, -8.1539458411339538, -5.1161704948797873, 24.944112627041811, -0.42901989647249761, -0.52799156475051645], 'delta': 9.6577277883787913e-07}, {'output': 0.00029702943871774457, 'weights': [20.155279171295604, 0.83022660924191272, -2.7001654572244069, -2.2121252101002047, 3.6174606548153574, -4.0712186921893858, -0.4545541931518014, -4.9527341148031212], 'delta': 5.3385951359913549e-07}, {'output': 0.99999373321338436, 'weights': [-4.342836388636373, 0.88857651544434013, 1.7085561905807296, -3.665811205701365, -4.6711889953380874, 1.5015923378342704, 23.663358490040146, -5.305117391372737], 'delta': -1.1581059832122684e-09}, {'output': 0.022572924856987649, 'weights': [-0.20948775449076579, 7.4565934854842624, -3.0404724337464568, -0.86363879376496377, -1.2822933648190677, 2.3854833752942484, 0.67873197999926416, -4.8124943416033092], 'delta': -3.6842625473160728e-07}, {'output': 0.85619582213963141, 'weights': [-1.9886876737686081, -2.6826473310116929, 0.82285907241495237, -1.1576640036803441, 2.7970966218071487, 4.452806263560432, -3.0295733691386038, -0.38621898162907037], 'delta': -1.0353162771268009e-05}, {'output': 0.31550375622182569, 'weights': [0.55318864564277137, 2.608497839349865, 3.5663923172151986, 1.8298320712181386, 0.046907649299915942, -2.8517267077773072, -1.7880802654291712, 0.45028195389778575], 'delta': 8.0750007318964619e-05}, {'output': 7.2811730821980857e-06, 'weights': [-8.9009349339367052, 8.410327832690232, -7.1135180306589225, -6.7181396332380823, -8.854172454998011, 3.8145414832935973, 7.5921254974892527, -7.0922182417066093], 'delta': -9.865751717357145e-11}]
[{'output': 0.99971777138721352, 'weights': [12.694241960053665, -13.079290982292632, 12.123475270010397, -5.9099275017967683, -7.6627364196226759, -6.2465244313290347, -13.230042653931969, -7.9624992698231072], 'delta': 3.1686305998753676e-06}, {'output': 0.00037036470134493393, 'weights': [-0.9951513038982992, 11.804830893178041, -13.186993757487496, 3.4563382983938649, 4.6915970570070424, 6.0244434172199632, -0.19584270236278567, 0.28115620237552963], 'delta': -2.9293890602310125e-06}, {'output': 0.015834993448459754, 'weights': [-12.116898803623965, -9.5682765037818598, 9.885122014034323, 0.28658961565266755, 1.7667752896872266, -2.4529008318767755, 0.48286376968184513, -2.6531896760262645], 'delta': -0.00014695278982727552}, {'output': 0.00010396970936049048, 'weights': [-1.2215301502284899, -3.289816783199337, 5.6681320250670595, 3.3356911540609731, -6.0701809161079288, -5.4155706253983373, 12.034617616829259, -6.7876962841134327], 'delta': -3.6822654300135043e-10}]
Scores: [91.78885630498533, 93.47507331378299, 92.59530791788856, 94.35483870967742]
Mean Accuracy: 93.054%
Lookup: {'1': 0, '3': 1, '2': 2, '4': 3}
Expected=0, Got=2
Expected=0, Got=2
Expected=1, Got=1
Expected=1, Got=1
Expected=2, Got=1
Expected=2, Got=1
Expected=3, Got=0
Expected=3, Got=0
