n_folds = 4
l_rate = 0.5
n_epoch = 500
n_layers = 3
n_hidden = 5
epsilon = 1e-07
Mean Accuracy: 38.435%

ph@lenovo:~/Downloads/mlp_mestrado$ python sensor_network.py 
[{'weights': [0.13436424411240122, 0.8474337369372327, 0.763774618976614, 0.2550690257394217, 0.49543508709194095, 0.4494910647887381, 0.651592972722763, 0.7887233511355132, 0.0938595867742349, 0.02834747652200631, 0.8357651039198697, 0.43276706790505337, 0.762280082457942, 0.0021060533511106927, 0.4453871940548014, 0.7215400323407826, 0.22876222127045265, 0.9452706955539223, 0.9014274576114836, 0.030589983033553536, 0.0254458609934608, 0.5414124727934966, 0.9391491627785106, 0.38120423768821243, 0.21659939713061338]}, {'weights': [0.4221165755827173, 0.029040787574867943, 0.22169166627303505, 0.43788759365057206, 0.49581224138185065, 0.23308445025757263, 0.2308665415409843, 0.2187810373376886, 0.4596034657377336, 0.28978161459048557, 0.021489705265908876, 0.8375779756625729, 0.5564543226524334, 0.6422943629324456, 0.1859062658947177, 0.9925434121760651, 0.8599465287952899, 0.12088995980580641, 0.3326951853601291, 0.7214844075832684, 0.7111917696952796, 0.9364405867994596, 0.4221069999614152, 0.830035693274327, 0.670305566414071]}, {'weights': [0.3033685109329176, 0.5875806061435594, 0.8824790008318577, 0.8461974184283128, 0.5052838205796004, 0.5890022579825517, 0.034525830151341586, 0.24273997354306764, 0.7974042475543028, 0.4143139993007743, 0.17300740157905092, 0.548798761388153, 0.7030407620656315, 0.6744858305023272, 0.3747030205016403, 0.4389616300445631, 0.5084264882499818, 0.7784426150001458, 0.5209384176131452, 0.39325509496422606, 0.4896935204622582, 0.029574963966907064, 0.04348729035652743, 0.703382088603836, 0.9831877173096739]}, {'weights': [0.5931837303800576, 0.393599686377914, 0.17034919685568128, 0.5022385584334831, 0.9820766375385342, 0.7705231398308006, 0.5396174484497788, 0.8602897789205496, 0.23217612806301458, 0.513771663187637, 0.9524673882682695, 0.5777948078012031, 0.45913173191066836, 0.2692794774414212, 0.5479963094662489, 0.9571162814602269, 0.005709129450392925, 0.7836552326153898, 0.8204859119254819, 0.8861795808260082, 0.7405034118331963, 0.8091399008724796, 0.518678283523002, 0.561357864778379, 0.4260906796881502]}, {'weights': [0.05612329752074041, 0.8700101551766398, 0.5699993338763802, 0.19983942017714307, 0.5047204674288633, 0.48492511222773416, 0.3567899645449557, 0.3460779190181549, 0.5384787957378443, 0.6234894527975051, 0.6124524647827256, 0.4581468000997244, 0.027974984083842358, 0.22960503127702392, 0.1772112589385827, 0.5844608707784413, 0.8610088608533248, 0.798438940577426, 0.7970975626354962, 0.8164373705606909, 0.25529404008730594, 0.841744832274096, 0.6731135254387071, 0.08323413780389788, 0.0166906301155596]}]
[{'weights': [0.014559974924812313, 0.7555867752521982, 0.2495592256534228, 0.10948862729435938, 0.6248020841524763, 0.3444228640964949]}, {'weights': [0.06951537853084733, 0.1596255246938475, 0.5273803990480128, 0.16814494622242826, 0.2729144368186801, 0.7115899271852729]}, {'weights': [0.4547016300456639, 0.3220017663873259, 0.4737710141702789, 0.023634577631987064, 0.38655710476146987, 0.4209186792090759]}, {'weights': [0.18803930475131292, 0.10876169244541334, 0.8998185003560202, 0.5101159809286764, 0.2090909925517701, 0.6056486400340165]}, {'weights': [0.8170396683778869, 0.020818108509287336, 0.017864520827795327, 0.146461740399346, 0.7188354727617898, 0.16022759262970465]}]
[{'weights': [0.7046056278520025, 0.6781757952769475, 0.5447021635789044, 0.22059974802267657, 0.9755945178178834, 0.797810857706151]}, {'weights': [0.516599516949393, 0.22319578024667075, 0.6485064180992564, 0.3948980098582996, 0.5758459627880567, 0.32124580934512525]}, {'weights': [0.6309478612713469, 0.058785116206491295, 0.29860594962301334, 0.9679033101508892, 0.8755342442351592, 0.30638662033324593]}, {'weights': [0.8585144063565593, 0.31036362735313405, 0.9392884321352825, 0.7438421186671211, 0.4161722627650255, 0.25235810227983535]}, {'weights': [0.008480262463668842, 0.8787178982088466, 0.03791653059858058, 0.8194141106127972, 0.962201125180818, 0.5702805702451802]}]
[{'weights': [0.17151709517771863, 0.8677810644349934, 0.9737752361596916, 0.7040231423300713, 0.5088737460778905, 0.37796883434360806]}, {'weights': [0.34693088456262167, 0.2057617572947047, 0.6741530142468641, 0.4329501211003163, 0.1941186449851896, 0.10442422284151531]}, {'weights': [0.6659575282786826, 0.29607267308315155, 0.4997999222368016, 0.3253456548759963, 0.8716215074235552, 0.8996782696347811]}, {'weights': [0.018092983640471738, 0.2008530114407594, 0.3277407050962675, 0.9870497179280261, 0.7827003757293756, 0.3390956478509337]}]
('>>>', 9.8683450744374568e-08, ' ', 1e-07)
('converged in epoch >>>>>>>>>>>>>>>>>>>>>>>>>>>>>>>>>>>>>>>>>>>>>>>> ', 62)
('>>>', 8.695652475854132e-08, ' ', 1e-07)
('converged in epoch >>>>>>>>>>>>>>>>>>>>>>>>>>>>>>>>>>>>>>>>>>>>>>>> ', 3)
('>>>', 8.1827560172165192e-08, ' ', 1e-07)
('converged in epoch >>>>>>>>>>>>>>>>>>>>>>>>>>>>>>>>>>>>>>>>>>>>>>>> ', 2)
('>>>', 7.2584992683033533e-08, ' ', 1e-07)
('converged in epoch >>>>>>>>>>>>>>>>>>>>>>>>>>>>>>>>>>>>>>>>>>>>>>>> ', 3)
[{'output': 0.94547791807465253, 'weights': [0.12407548462960395, 0.8364936792147929, 0.75676633685613282, 0.25226415074211717, 0.49284308663177701, 0.44761180197321443, 0.65168249610632123, 0.78502304165300152, 0.090378537703162579, 0.026812358387649837, 0.84433356883603627, 0.4368581961774673, 0.76648023774034046, 0.006953936613450928, 0.46009190787786153, 0.7217590456414833, 0.22615453920126591, 0.94056952207155931, 0.89264246209214626, 0.018451565663210948, 0.015654603674657604, 0.52917335717965841, 0.92504967493611079, 0.36682462399164273, 0.20098991500364349], 'delta': -1.6024753970297246e-06}, {'output': 0.96953249767492233, 'weights': [0.41405361348878578, 0.024406536779667538, 0.22342033906342265, 0.4433411284716951, 0.49917872757938181, 0.23671795649846913, 0.24349119369757707, 0.22026755725041283, 0.46784300087939862, 0.29850093301356995, 0.041846836211557784, 0.84706317061281744, 0.56659621436380991, 0.65787562754513451, 0.22221724732402207, 0.99559375155843222, 0.85889609430715852, 0.11735051042831754, 0.32697704379365622, 0.71505110888570511, 0.70550330937718597, 0.92866840481768564, 0.40762319897413229, 0.81702801003179326, 0.67144346039845682], 'delta': -3.5964469702285411e-07}, {'output': 0.9825270037144731, 'weights': [0.29230078649242214, 0.57528873437378258, 0.87305767979741644, 0.84269820655377881, 0.50163604999447819, 0.5859170998621831, 0.035079375356298972, 0.24084363675788242, 0.7966678098020239, 0.41594540054312995, 0.18329213695316426, 0.55218118440010855, 0.7076376227584863, 0.68150282443804833, 0.38793588394469264, 0.43915965951389824, 0.50573098597772903, 0.77375200357315022, 0.51221353040170847, 0.38296946623608702, 0.47883768270978477, 0.015201979652925876, 0.023684630030959924, 0.68713909637267068, 0.96623369005993787], 'delta': -8.2285050976392994e-07}, {'output': 0.97964421014499603, 'weights': [0.58910105229044796, 0.38935926929114861, 0.16692540174228201, 0.5005076154833521, 0.98052166432949162, 0.76957657153020598, 0.54001887982706109, 0.85902253146898322, 0.23205824243269219, 0.51398878186005259, 0.95516452531192864, 0.5796566562540254, 0.46119382291163347, 0.27235781992244829, 0.55647872670915999, 0.95769004551131864, 0.0050523809097373189, 0.78239894783709718, 0.81825008442631297, 0.88366248664616165, 0.73810019771724789, 0.80493988466588517, 0.51333217438917145, 0.55573369367015113, 0.42067848545938813], 'delta': -1.4190536616222248e-07}, {'output': 0.94916616314905333, 'weights': [0.037627982160956905, 0.85255982369472738, 0.56530713997799786, 0.20532778524037917, 0.50719083305984114, 0.49016169753628475, 0.36988302014794994, 0.34748285393046247, 0.54683837316679773, 0.63719872387950749, 0.63950366635958955, 0.4728568863932327, 0.039461514140083101, 0.25146175556415501, 0.22320970403841478, 0.59030140074110049, 0.85914039295534705, 0.7913590651911393, 0.78246993360377881, 0.79992691080930045, 0.24131739202765751, 0.82398383838180955, 0.64692282554229674, 0.052369157150695685, 0.0089548729784293957], 'delta': -1.854605747086809e-06}]
[{'output': 0.92481055283709723, 'weights': [0.10226096200228299, 0.83147300111944855, 0.3348103976406302, 0.19253699421623105, 0.70295668818380275, 0.42195172997357727], 'delta': -5.5411308720818707e-05}, {'output': 0.93974899792580069, 'weights': [0.22794764281235155, 0.29997776658812664, 0.68115729319531049, 0.32126180197145665, 0.42074219889012865, 0.85740399873201678], 'delta': -5.1702078750846692e-05}, {'output': 0.93346246125870069, 'weights': [0.56815025918731132, 0.42442736756101873, 0.58400541347622847, 0.1319596217435457, 0.49118750615809698, 0.52317168948815407], 'delta': -5.5154264570698995e-05}, {'output': 0.93705737813009415, 'weights': [0.23310648816351842, 0.14292146759558921, 0.94312048779161683, 0.55116994240228812, 0.24528059949729278, 0.64215308895767664], 'delta': -4.2523568210431153e-05}, {'output': 0.31583937479799357, 'weights': [0.38027186547647979, -0.42117146957472457, -0.42359354197314542, -0.29576603339864255, 0.2816950712250394, -0.28559602446227572], 'delta': -8.8266948119413395e-06}]
[{'output': 0.010355990952436278, 'weights': [-0.78197839476107178, -0.8361103334578398, -0.97311679616268076, -1.3376561614930611, 0.20667785742083133, -0.95431281392438827], 'delta': 0.00015444877268489196}, {'output': 0.010340098136262126, 'weights': [-0.78714628918199236, -1.0900261452600861, -0.67625330860498811, -0.9705629978641781, -0.22120224699282529, -1.1984251427161123], 'delta': 0.00016868390661773416}, {'output': 0.010271176337464256, 'weights': [-0.72527436180239402, -1.298510953416816, -1.0763857024511341, -0.44660932841191647, 0.041003891643813177, -1.2667601109287248], 'delta': 0.00026472836559134245}, {'output': 0.010076873849372538, 'weights': [-0.61355184940630603, -1.1798883655822898, -0.5626011786889572, -0.80618030413401887, -0.46108959757613854, -1.4849315416636499], 'delta': 0.00015371932939788754}, {'output': 0.010398563444186812, 'weights': [-1.3597086026474365, -0.50022646109767532, -1.3507435256420384, -0.61309125875679338, 0.11335974855292925, -1.0285078350762125], 'delta': 0.00021683214109392043}]
[{'output': 0.33797296030460505, 'weights': [-0.59795077023565946, -0.36841306376525679, -0.17351564182743337, -0.30569687824677771, -0.2836221106793132, -0.654526766234651], 'delta': -0.078582608874151735}, {'output': 0.46603011553411322, 'weights': [-0.42438166925421561, -0.24616163211358794, -0.033707517783047578, -0.21239751260648387, -0.086446708846413631, -0.12576351504479116], 'delta': 0.13629089215546389}, {'output': 0.16467298969886593, 'weights': [-0.86768290445772844, -0.74987346961406487, -0.59150025086825486, -0.81955805366535406, -0.38313149066176833, -1.5888041653375966], 'delta': -0.023060467042559731}, {'output': 0.062344851303694368, 'weights': [-1.6960014028429333, -1.1152345903949503, -1.0274790285213509, -0.46305527693008941, -0.57790918066889385, -2.6603767412362722], 'delta': -0.0036601900657897628}]
Scores: [37.976539589442815, 38.12316715542522, 37.903225806451616, 39.73607038123167]
Mean Accuracy: 38.435%
Lookup: {'1': 0, '3': 1, '2': 2, '4': 3}
Expected=0, Got=1
Expected=0, Got=1
Expected=1, Got=1
Expected=1, Got=1
Expected=2, Got=1
Expected=2, Got=1
Expected=3, Got=1
Expected=3, Got=1